rus
Надежность краткосрочного прогноза
Данные взяты из оффициальных государственных источников

eng
Reliability of the short-term forecast
Data taken from official government sources

rus
1. Год
2. Фактическая урожайность
3. Прогнозируемая урожайность
4. Отклонение прогнозируемой урожайности от фактической
5. Среднее значение отклонения

eng
1. Year
2. Actual yield
3. Projected yield
4. Deviation of the predicted yield from the actual
5. Average Deviation

wheat
пшеница
1 - 2021,2020,2019,2018,2017,2016,2015,2014,2013,2012,2011,2010,2009,2008,2007 
2 - 59.6,47.7,59.7,61.2,62.0,58.4,57.8,54.7,50.1,39.8,55.1,49.8,45.7,55.3,45.1
3 - 56.8,46.5,62.6,64.6,57.5,57.1,58.7,59.5,54.3,38.0,49.9,51.8,46.4,45.8,40.9 
4 -  4.7, 2.5, 4.9, 5.6, 7.3, 2.2, 1.6, 8.8, 8.4, 4.5, 9.4, 4.0, 1.5,17.2, 9.3
5 -  6.1

barley
ячмень
1 - 2021,2020,2019,2018,2017,2016,2015,2014,2013,2012,2011,2010,2009,2008
2 - 56.9,52.4,60.5,60.1,57.6,53.7,59.5,49.8,53.0,37.1,53.8,49.2,46.9,51.4
3 - 56.9,51.9,59.6,57.8,56.8,54.8,57.0,49.1,54.6,38.4,54.1,53.0,47.8,50.2
4 -  0.0, 1.0, 1.5, 3.8, 1.4, 2.0, 4.2, 1.4, 3.0, 3.5, 0.6, 7.7, 1.9, 2.3
5 -  2.5

maize
кукуруза
1 - 2021,2020,2019,2018,2017,2016,2015,2014,2013,2012,2011,2010,2009,2008
2 - 52.9,46.0,49.5,33.5,50.5,55.1,53.4,53.3,53.2,41.9,47.8,33.8,33.8,49.6
3 - 51.0,48.9,49.5,32.0,51.9,54.1,54.9,51.8,47.6,42.1,34.4,30.6,35.4,52.3
4 -  3.6, 6.3, 0.0, 4.5, 2.8, 1.8, 2.8, 2.8,10.5, 0.5,28.0, 9.5, 4.7, 5.4
5 -  5.9
